40537 79253
48563 48573 80754 80755
1774 2063 7202 10800 16675 16723 16738 17146 25675 38030 38277 39052 41623 46156 50806 65455 70448 78454 78456 78459
57966 82160 82161
79879 84428
15566 31328 49952 68662 69516 69517 69518
275 861 4748 9433 9709 12839 13031 27406 27956 31535
11101 41308 66230 66234 66240 66241
8067 9822 29646
125 5052 16701 28972 52034 52036 52044 52048 75450 76379
2928 5007 5452 10561 32312 38285 38287 40711 49047 52972 52973 52975 52976 52997 53016 53031 55959
50090 52166 54905 56978 63448 81755 81756
1477 6306 21921 24185 24193 24194 24224 24225 26492 27902 36481 36510 36513 36523 36530 36531 36842 55186 73876
29746 30380 30479 35998 74580 76738 84117
5134 6875 7316 15525 15526 24317 42902 50849 52315 52317
58872 80026 82263
20702 23453 71565
26397 74998
67671 83107
71661 81518 81520 83568 83569 83570
20522 52331
21806 21812 72302
32255 32260
72279 81954 83356
70401 74992 83377
70649 77474 81266 83434
66566 74737 82958
2942 5166 52444 52445
1706 3307 7581 10741 16816 23550 26419 26899 28106 37617 37638 37689 37928 43056 57533 84497
1839 38870
74921 82314
62198 74824
54436 55363 81731
25639 75383 75384
34526 38238 45748 74727 78043 80315
3632 21291 40237 40316 49754 50871 65325 71690
41606 79485
7156 8313 27676 27694 27783 27799 56509 59043 75648 82298 82299 82300 82301 84693
2260 3451 39216 42581 42602
41623 59069 82307
57271 57406 82048
8996 9702 56475 61596 61612 71593 73523 76144 81987
50784 60988 62468 77243 84162
78706 78713
52287 81375 81376
75583 84025
38622 78676 78677 78679
72630 83710 83711
6691 7562 10355 21318 38906 42187 42503 42504 43277 43891 57259 57272 75995 78745 79632
23580 73304
72014 83612 83614 83615
60 6813 8109 14633 58741 58745
80102 84451
56732 56793
55258 59795 59836
2156 11279 11919 18873 20991 21123 25700 41846 41869 42899 50101 70784 71798 71801 71802
11854 53780 81687
43863 79867 79872
536 555 562 1375 2492 11852 14695 22020 22030 22037 22046 22109 22134 22149 22157 22183 45359
22359 33478 63274 77851 77853 77854 77862 84217
43504 79813 84423
40536 79267
20606 71471
23410 48989 73182 73187 73192 73193 73204 80816
40110 40115 70521 79132 79133
6068 8567 11243 11252 52376 53479 62137 79784
6580 20057 20679 40242 79145 79146
81316 84564
3403 4326 10249 11269 11921 14990 19982 39236 44186 67047 67226
3388 3714 4648 4656 7528 8967 10584 15669 50406 50408
15541 20908 55010 79490
69539 83294
64088 82642
71793 83586 83587 83591
2470 11685 32096 77429 84183 84184 84185 84186
71354 83541 84843 84996 84998 84999 85001
7217 7671 11389 11654 23610 24798 24869 39993 40430 40561 43199 52190 56688 56732 56754 56793 63339
37228 78380
20176 71122
65303 75454 82780 83301
2028 10629 10928 19245 40960 40977 46830 48242 65623 65624 65649 65677
13638 13646 60643
8484 29089 31399 38795 40596 52341 53780
1833 10834 57751
3358 47155
65567 82845
21751 38956 41085 45370 47325 51277 53929 60830 62191 70270 72271 72274 73127 80550 80551
23547 28003 67054 67067 71247 74866
8773 8779 9277 9278 9362 9702 10347 15949 17181 62513
76817 84127 84895
29022 63919 82626 82627 82628 82629 82630
3168 4746 7042 8391 8393 9280 9561 13051 13743 14830 15952 26133 31738 34317 36955 54781 56821 59165 61161 62386 62392 78346
36088 73890 78163
82103 83288
52954 81575 81579
2634 15817 25129 26400 27809 27814 39309 39315 40372 41475 42432 43014 43076 44162 44247 44257 44326 44352 65334
12744 15970 55924 66085 81867
4945 5351 8298 19058 19926 20229 25552 49463 52689 52691 52696 52699 52702 52703 52711 52714
27906 75709 84045
31658 68719 77258
751 26117
9822 11535 11775 58666
5825 5941 20252 38172 40107 42067 47518 53574 53577 53581 53692 79112 79114 79115
15382 69269
50263 55531 81814 81816
41780 79512
41082 79409
8520 8522 8599 8699 8911 9095 9649 10660 11072 29100
15374 20493 69282
44620 80085 80086
8511 8700 8770 9279 15733 22262 25269 30331 46608 49383 56751
3265 46906 46911
31332 77205
18464 24095 49118 61692 63423 80845
21876 72367
6255 55076 55077
56052 81888
24718 51203 66766 78154 80004 80240 80241 84232
142 274 3012 5718 7042 7180 7932 8433 8812 9031 9359 9515 10405 13160 13265 16598 23172 26410 36773 36805 49123 53468 54125 61823
8787 8946 9382 9398 21158 25248
17525 24728 70438 70760 70763 83382
82176 84420 84669 84671
36892 78336
8770 9060 9561 30331 50815 81108
566 616 961 10659 11222 15509 16366 20716 23895 23896 23897 23898 23907 23910 23911 23916 23919 23928 23929 23931 23935 73505 73508 78544
24670 74082
8892 10702 20854 21007 30929 60709 65257
50354 81065
51228 81208
1531 24119 24127 34063 35193 36296 36384 44137 52104 52124 52588 78202
1801 14986 23646 38031 39040 70458 78817
8727 10989 25516 30799 65954 74594 74622
84173 84902
1298 6886 8008 21542 26124 27312 42107 56253 56254 56255 56259 56263 56264 56265 56266 56268 56270
51073 77304 81189
60478 73421 82450 82451
52327 52328 52329 81387 81393 81396
5630 5641 10189 22610 43385 53266 53274 53281 53283 67366 69671 81631 81632 85288
27196 28277 43580 49081 50698 80834 80836 80837
70293 83371
29836 30352 30505 30506 30720 34115 36613 36650 37452 38727 74757 76762 78157 78685 78695
71101 73922 83462
52151 67299
55365 81797
1814 5347 7622 25390 38580 50045 52646 74528 74529 78666 84348
72417 83674
40869 54992 70290
85051 85052
76817 84126 84127 84895
71686 83576
7498 9696 12921 13002 19929 25227 54616 57185 57206 60011 74418 74422
17289 25282 32798 74446 83916 83918
57327 82057
11054 32678 40014 66087 66093 77617 82891 82892
34 2954 2962 2969 2974 3003 21139 41830 41956 45476 46142
7906 14730 48598 50912 57908
10694 65197 65200
70896 83456
54637 54638 68064 68794 68796
12259 67429
24030 31671 36693 48357 48658 50666
5007 7572 10845 21329 22204 28166 28171 41375 41381 42490 42515 42546 51961 52012 65485 65492 65494 72005 76039 76042
20285 24894
70085 73404 73405 80534 81614 83779 83781
618 7660 24113 25202 44075 49412 50391 57774 57777 65046 74372 80003 80887 80888 80889 80891 80893 80896
10109 64640 64666 64701
6135 27855 43721 75691 75692 79850
27073 53697 75326 83991 83992 83993 83994 83995
73138 83742 83743
80365 84474
8553 8597 9067 9453 16567 24160 27611 48633 48737 57848 57886 57889 61400 62158
9117 13135 61987 61991
11925 67280 67283 67284
1454 6305 22937 27294 27833 28874 29789 30066 33484 34212 34471 34792 35640 35781 35837 38666 78112
10989 15454 23949 38222 39289 53033 56163 69445 69449 69450 69454 69455 72024 75179 78510 78514 78515 78516 78517 81126
60384 78337
47050 55388
16599 53764 58259 70379 81690
40391 79211
84426 84932 85018
44889 77827
79543 84402
62753 82575 84719
2315 42790
3319 3575 22005 33297 36803 38468 41333 41337 41338 41342 43534 62127 69213 69467
84961 84963 84969
8257 17521 23455 24344 37271 47170 56614 58926 58927 58930 58940 58944 58950 58964 58965 58969 58973 58985 73923 80519 80966 82277 82280 82282
27088 75348 75349
8594 10483 10674 20598 23688 64983 65221 65222
70595 83407
71096 83489
70876 83451 83453
28035 75853 84664
70603 83414
82998 82999 83000
54637 54638 68064 68794 68796
8793 8829 9753 31282 31642 31758 31964 45892 45991
45713 67888 80287 80289
7382 8061 8634 20907 23997 71698 71699
8553 9005 9445 59277 59278
68939 80965
43597 79828
20578 71446 71448 71449
10067 14543 21476 23638 38403 68280 73369
7110 9401 21461 22398 24869 43211 43846 52179 52190 56514
11193 32677
27624 40797 56099 58807 71440 74258 75601 77431 82256 84189 84190
13368 68406 71596
64703 73230
5623 8768 9059 23266 28782 38500 39256 49803 51187 56047 59158 60720 60729 60734 60738 62599
42461 42555 50891 57414 72760 79317 79566 79600
85103 85104
88 3854 4305 4577
70738 83245 84797 84798
76953 84141
75167 83973
74794 83953
1837 8756 9689 13174 16334 22711 22726 27843 28426 38542 56673 58532 60572
83083 84781
6779 10061 10852 14103 14396 14725 17479 29675 33322 45658 48406 56051 56072 65528
8003 58364 58366
3682 6036 9043 17431 34619 49492 53156 53261 58629 80917 80918 82226 82227
73158 83745
3567 49260 49270 49281
8115 15372 29468 39598 45284 45285 47674 58603 58604 58705 58707 58711
74714 83941
15111 17561 24308 27028 34697 38551 39725 43701 51940 64011 65429 66440 68803 70799 70800
25943 25959 30202 30352 36782 69833 74761 76942
1387 33244 33245 77828
61148 77020
74020 74021 83636
88 3854 4305 4577
78365 84248
24461 24469
6886 21224 56257 56263 56264 56267 56273
27912 55852 73271 73496 75795 75801 75805
3578 4704 6089 8634 9534 12863 15903 16262 29319 32297 33086 36718 46297 48661 49458 50518 55453 78256 80381
64486 82670
568 3543 6100 8435 8602 8794 8975 9189 9268 9274 9508 14796 15690 15744 25002 30324 45726 53845 54511 62891 70012
83910 84873
71487 83551 83552 83553 83554
78490 78962
57808 75824
34689 78009
20115 71097
10502 21283 53120 53121 65028 68960 71946 71954 71959 81592
31929 77339
1822 11267 23443 34316 38302 66395 73216 77956
2306 43021 43022 43023 43975 74218 74695 79702 79895 84418
8379 59170
38103 78469
13013 61818 62728 68251
9946 10356 11111 21364 21481 44180 64147 64862 82647
6800 8589 9409 14522 39660 78973
1983 3132 5879 10277 15503 25135 32898 32998 33046 38934 38959 40029 40033 40039 40046 40067 78815
476 2494 2981 4704 6303 7505 8599 8634 8784 8962 9277 9278 9362 9702 12677 13227 16568 23292 29769 32058 55205 62512 62513
5427 6474 15678 15855 15879 18464 20169 22744 40582 69814
20888 64938 64940 71581
5525 5754 21320 25190 43048 68415 71241 74359 74360
3681 7267 20373 24347 56221
68531 83171
39327 39331 78931 78932 78934
70571 83403 83404
10702 30929 57343 60709 62736
3339 47226 80541
53877 81700
44191 80029
704 11015 11972 26902 66030 67358
8691 10109 11276 20413 22409 24936 32577 38789 47736 48692 49636 54594 62189 63961 64633 64651 64657 64667 64673 64685 64686 66450 72662 78705
40137 79136
17096 60476
4527 11086 15484 19309 20604 21509 50027 50159 56089 66097 66103 66108 69195 69398 69414 69457 71463 71464 71465 71470 78637
27988 28537 59073 67031 70102 76179 80567
9471 9979 23015 45254 59524
55763 71500
75411 77108
51051 65024 78102
6151 54860
501 3382 6885 7586 10571 21603 25344 25348
49308 55498 80867
11151 17417 25210 66291
52896 72241
91 402 505 2099 4630 4641 5269 7700 7817 7845 15550 20543
31929 77339
7844 57726
25571 26984
1167 3528 4740 6234 8678 8699 22744 36663 43676 47569 48708 48912 60071 60075 60090 60093
68852 83229
47622 80622
9679 14715 22818 29536 30612 34321 46317 46330 46347 59272 63458 63634 77146
7881 25477 28383 43398 44727 47193 47457 47657 52234 52241 52484 52795 57827 64603 73902 79366 81338 81360
9324 9403 9612 13072 17340 43423 55578 68429
1181 29164 29167 62667 82457
7712 57811
43676 47953 79837
83361 83362
67760 83117
53237 60971
12349 67433
9558 10228 24899 39586 44060 47103 55798 64773 64774 64777 64779 64780 64782 64784 74222 74224 74225 74228 81857 81858 81859 81860 81861 81862 82696
51864 81267
58248 82181
1359 20296 20755 32488
2928 8756 9689 12422 20807 23104 39371 49147 61022 71647 71653 71654
6800 12719 12727 14493 17340 20793 20953 29519 40557 40566 53943 53946 56123 56508 62205 67850 68832 76314 82538
84127 84895
308 15641 15651 15652 15659 15661 21398 38453 38457 69567 69574 74378 83304
41564 73221 76080
44072 55271 65118 70476 72624 82759 82761 82762 82763
10249 41055 64844
40702 79328 84398
12677 67781 67802 72412
82064 84661
70293 83371
2120 4928 5007 10333 23569 24874 24908 27759 29616 39081 39088 41141 41142 41623 52994 64911 64913 66623 73083 73273 74238 74239 74242 76727 78573
8434 12944 31649 47253 47278 71242 80476 80558
85456 85506
39992 79066
65709 82877
7477 24544 45933 48974 54091 54607 62470
61 751 931 3223 4819 26116 26117
45496 62120 80261 80322
78443 84307 84309 84315
6507 7880 9304 16493 21904 22833 39441 55601 55665 77197
20967 71737 83583
10459 64930
64853 80114
2949 3580 3596 6100 6666 8058 9333 12672 13160 54214
6276 19954 23328 28391 40566 42476 45266 48981 52766 54136 54631 55232 59009 62753 70632 71016 80484 81499
69210 77568
23549 65757
76 2898 3529 3580 4733 10002 12729 15744 32217 45267 51044
38786 74915
6345 55262 55263 55264 55265 55267 73413
30755 33636 39267 62695 77028 77042
568 1397 7217 9297 14729 23571 33198 33636 33638 45728 49093
46973 80480
6409 7477 12429 13615 47193 48938 57150 57151 57154 57155 57157 61671 65569
52325 81383
1398 2471 8019 9595 9613 9741 12991 15498 22987 25487 29433 33261 63937 64870
64967 82723
59172 59174
67722 67723
31929 77339
75266 83985
1805 2021 2031 11919 40505 40511 42060 79259
48404 80743
8193 24708 43458 58869 58880 58887 58890 58896 58897
50886 81134 81137
13957 20238 59538 67455 68613
66893 83008
52514 81458
71272 80104 83529 83530 83531 84452 84453 84454
43532 79816
6827 27659
81493 81494
65936 77920
1474 1543 1678 34311
67781 83121
11672 27485 28054 39329 41241 43033 43844 52683 66730 70460 74290 75492 75502 75505 78928 84018
83886 84872
26670 75199
38364 56207 76332
9557 16478 20506 20567 22811 49189 63114 63119 63120 82587
57538 82087
11078 66118
44924 80159 84458
1642 12899 30871 37048 55825 56214 56506 81852
85465 85466 85468
65700 66883 73296 80053 83764
11814 22637 32899 47423 51792 53218 67085 72643 72765 77627 78472
81194 84548
69647 83314
592 7218 7489 9801 9803 9805 9807 24625 24634 24638 56686 57119 63900 63907 82459
84424 84929 85015
26360 43399 64170 64172 70585 74072 83871
6023 8437 8752 8795 12696 13680 14679 16444 36722 53053 68523
68170 83146
267 3012 6011 8589 8899 12717 12719 12720 12723 12725 12726 12727 22962 24792 28739 28950 32384 56752 67843 67867
37189 56138 71619 81899
20741 71576 82062
20463 27242 47313 52949 75395 75397 75399 75403 80545 80547
68652 73237
9677 24659 54236 74055 74067 74068
66325 82922
34783 78057 78059
34295 34315 65653
80366 84476
10589 44061 49924 50093 75365 79945 79949 79955 79984 81002
1937 1942
23868 73498
38017 78449
79660 84410
3575 3656 9079 13776 22005 33297 41333 41501 42911 45726 57921 62127 79459
64884 68774 72102 85075
22774 40815 70951 73897 80208 80212 80221
16401 17085 44628 70536 70537
26707 75208
1566 22937 34063 34720 34900 46579 77915 77934 78100
2851 9031 12863 13122 29860 29949 30744 31292 32623 43600 73068 77024
32637 43990 46976 78505 78984
284 12798 13318 13353 13543 24860 67974
25572 74631
6691 10355 10465 10477 12070 15319 25557 26983 38906 38990 41811 42471 57393 62157 64950 64951 64957 72460 75995 78745 84063
2101 2347 2762 4629 5297 7545 7685 14765 16250 21733 23847 27924 37351 39127 41630 42780 42893 42927 42966 43090 43306 43539 69014 73453
20469 21825 25141
77254 84163
362 391 3061 3203 3350 4096 4345 5407 9791 10971 16083 20642 33303
52485 81446
38385 78602
53153 54189 79240 81599
51058 62803 81177 81178 81179 81180 81181
71087 83485
58374 82197
8604 8832 9380 12921 24797 31869 45322 45735 49131 60994
62637 72932 82551 83728
12409 52474 54716 67456 67462 83085
72627 83708
10158 17056 64618
8580 29677 57787 61581 74169 76689 76692 76693
258 13773
65393 72434 82820
8019 8908 8918 9451 9534 9559 30377 48661 50603 63089 63090
15743 15755 15896 17244 25560 64941
56217 81943
51161 71713 71716
6122 39096 54620 78827
7960 16677 21524 27169 31188 47460 52367 52513 53052 56009 64530 66558 67758 68349 71622 72092 73825 76307 76667 76669 77806 80578 80582 80586 84504
82269 84462 84679
11718 21014 26534 48891 66865 66866
41594 79482
1244 31857 31859
79999 84436
2024 2033 40720
32048 54763 57344
11449 66658 66659 66661 66663 66665 85268
1353 32682 32684 32693 32695
1642 12159 12899 37048 55825 56214 80933
66810 83004
22076 24086 62657 72563 73615
15745 50888 64151 69921
26887 75234
24187 30306 33051 33077 53655 63920 69832 71178 72116 73830 73832 73835 76895 77728 79227
44180 64859 80024 80025 84438 84440 84441 84443
73433 79996 81604
12729 32176 42295 42925 77461
11156 12071 66263 66272 66279 66281 66282 66283 81226 82905
81615 84611
83044 84777
84857 85004
20355 71245 71246
5449 8118 40747 60901 79341 79342 80759 84517
15372 31941 32023 32042 32670 39598 45284 45919 47674 58587 58596 58598 58603 58604 66914
15575 44941 69272 69530 69535 69537
1126 25408 28727 28882 28887 28889 28898 28900 28904 28907 28911 28912
1693 37196 72436 78369 78371
40382 72989 79213
8745 9189 9462 9465 9702 11649 13017 13138 15430 22005 25790 27718 53284 54604 55563 72450
15995 25798 29884 33156 38711 65562 68190 70037 77808 77809
3523 6278 8452 10928 12692 13177 19957 37378 45491 70992 70995
76605 84108
75584 84028 84887
84422 84925
57423 64620 82677 82678
10499 64995 64998 64999 82731
20488 44192 67385 80039
44020 79935
43180 79753
2950 4790 4810 4855 4881 4910 4921 5088 5198 15464 23946 32332 40008 41050 41394 45457 48441 50833 50838 50848 51002 51007 51075 73521 79385
71389 71391
82822 84753
47097 76834 80501
42349 79579
75649 84038
19574 70950
67832 83127
84644 84978
4994 26795 27500 52249 52255 52256 52258 75529 81351 81355 81366
40112 58803 73233 78947 79094
20776 26468 70436 71601 71608
45414 71152 83494 83495
57385 82065
6291 8590 9018 9126 12981 13019 14990 16567 55147 55149 55153
32312 52026 77525 77526 77528
66676 82975
27983 75838
8082 8794 9626 15261 48378 48837 59508 59687
47622 80758
17365 70634
85021 85037 85040
49738 50117 71266 73958 73959 83856
80497 82713
43248 79769
81016 84538 84948 84949
52284 79396
6747 10282 10687 56103 56105 56106
8559 45837 60781 80342 82466 82467
20868 71670 71671
81221 84550 84952
62741 81473 82545 84716
80497 82713
24328 73912
71050 83477 83478
68193 80354
42277 73262
82638 84727
25510 52335 74619 78232
1606 23730 36729 46291 47130 47744 48569 59988 74727
39296 46836 55536 63966 74664 78903
3176 26560 40691 43019 46443 57356
1642 5395 6225 8545 8844 15261 23243 23874 29675 30463 30913 30989 33114 36661 36906 37002 37047 37048 37052 37061 37119 37125 37150 37154
11246 66453
72079 83623 83625
8678 8699 16958 24826 32106 40288 46200 48912 50505 53828 60084 61403 74903 80795 80796 80797
48832 56798 66061
78706 78713
81582 84604
81597 84606 84608
11950 60128 63029
70961 79060 79061 84326
11775 52358 54921 78614
61195 82483
53689 61241 81665
57705 65069 82118 82744 82746 82748
72352 83661 83662 84856
46864 58920 58922 77440
20741 71574 82062
3031 11644 15386 24866 49406 74191 74202 83892 83893
72379 83672 84642
1175 29015 29040 29126 76416
81548 84600
73948 82706 82709 83851 83852 84705
3142 21022 21576 22096 22141 22754 46401 70954 80401 80402
56202 78340
6676 11320 21601 23953 24002 38389 66496 66504 66506 66508 72147 82707 82952
72664 74736 83715 83716
67364 83074
43180 79753
65021 82732
20602 39931 39933 78599 79020 79021
74121 83877
46889 80467
82573 84721
70927 83461
24649 82022
29868 76781
39910 78988
58920 77440 82273 84684
45668 80277
33435 58067 58084 58110 77870
38174 40261 58246 78491 78494
4787 6636
70598 82712 83413
28327 32813
21814 72313
573 1219 3519 3552 3579 6001 8452 8477 12840 13017 13177 17204 22734 23054 28837 29550 29797 36601 54477 63849 70566
48102 55099 65119 80700 81773
63269 75873
15638 15640 15659 38453 69574
94 1030 2762 5297 7536 7679 8125 14747 14765 23847 23852 25685 40555 41030 42332 42341 42769 42949 44768 73486
28205 33134 33136 40263 47366 65266 65299 66248 67102 70444 75916 75969 77751 77767 77770 78773 80574 81977 82774 83038 83116 84213
3488 5865 8281 14408 25534 48127
69240 69243
49843 80960 80961
72740 83721
81535 84598
568 3111 9675 14679 25209 33439 39930 46636 46641 46645 46650 46651 46652 46654 46657 46658 46662 60397 63460 79012
75602 84029
130 10178
76970 84138
31446 41577 79479
337 4656 8846 15802 48685 51860 58235 62520 69918 76590
11342 66579 66582 66585
19926 71008 71011
52549 81459
20602 39933 78599 79021
68430 78522 80693 82669 83165
79842 79843
10484 11502 66675
11905 67313 67315
47204 80532
7619 11829 44058 57515 67025
30825 48039 48059 48981 48991 53115 78610 80712 80716 80722
28086 67904 83133
58334 82187 82191
52938 81566
12467 74666
53825 54150 81695
5195 25461 26477 30593 34883 52394 52420 65319 71306 75167 77087
25627 74667
43155 79749
42368 79585
80308 84468
40592 79277 79278
260 12780 12796 12798 68117
15469 69356 69375 83264
40694 79321
2022 3546 6369 8437 8823 8877 9561 9729 16577 22523 29949 32672 55005 60652 72725 72727 72728
77848 84216
6539 9649 13136 29314 31674 47594 55611 74448 77334 79333 80614
9960 25173
52142 81314
64238 82666
31689 77263
28997 76347 84099
84364 84918
13906 20692 25521 57401 68685 74616 83191
3701 10309 11336 15856 25707 51918 66543 66546 66550 66551
27925 75817
1642 7956 8634 8727 8745 9702 13019 13138 22343 23228 24385 29675 37048 59091 73090 73091
81653 84614
20919 26218 26220 37238 56200 71706 71797 78381
68568 83173 84794
56867 82018 82019
359 8048 10344 10711 10833 10953 17520 20926 38196 38225 38235 38321 38324 39198 58362 78497 78498 78499
3351 9401 22305 23691 29036 45293 47614 47616 47622 47625 47627 47632 47637 47640
53856 68763 68766
4928 5680 7582 21472 21502 22549 26177 27110 27206 28614 42934 43126 52577 53302 53308 53309 53312 53320 53321 81640
83109 84782
22158 45925 50124 70898
69473 83278
12727 28736 28738 29519 40557 50585 76283 76286
1369 9125 23248 29638 31369 31607 34629 40610 52667 57941 61867 75532 78008
65676 82858
1161 1844 5182 6015 6038 6047 7358 8857 9274 9525 14982 15472 19959 23009 23265 55840 69170
82 2829 2831 2832
232 10061 10129 10852 14725 48406 64576
6333 55240 55245
4863 4968 17058 21894 27845 51065 51066
28477 28490 28714 31255 33243 37181 40373 46415 57884 59362 62158
2851 9416 12863 13013 21822 28823 29860 31292 31873 32571 32623 34336 44990 50746 52881 59674 62199 63740 68043 73013 76651 82531
46896 80479
65457 69187 82836 82837 82839 82840
58170 82174
66383 68141 68142 83142
62591 82178
40718 79331
80759 84517
416 1881 3486 4942 19908 20452 21304 28406 39764 39770 39773 39785 39830 39864 39879
27392 27397 47117 48376 54769
3218 45711 46625 46626
59461 82398
70288 83364 83365 84663
38366 78576 78577 78578 84329
47197 80562
28313 76068 76071
14328 14443 14557 53856 68763 68766
29980 66901
7946 8055 25216 27474 27475 27563 27603 46715 47236 52052 67033 75510 75513 75516
8055 27474 27475 75510 75512
75204 83980
48736 48738 80776 80777
77619 84207 84208 84209
6006 9566 12715 22014 24833 28739 28741 32827 32828 45389 47147 60312 63186
42726 77984 79671 79672 79674
11752 14611 23483 25474 42973 43262 49743 66975 66983 66989
68531 83171
49371 80870 85252
83342 84820
3424 8434 46932 47253 47278 47801 71242 80558
24188 36656 71195
29493 39081 41142 41144 52994 64911 64913 66623 76631
4629 14765 23847 25528 38186 42769 42927 43306 73486
6770 15817 32131 40640 41475 42442 44162 51438
83287 84813 84815
12773 27911 31828 40524 56249 65601 74531 75471 77307 77314 77315 79250
74628 83926 83927
25100 74340
68843 81018 83219 83222 83224 83225
15986 21127 70046
37473 52916 78420 81975 83234
2833 2862 10223 10249 11921 11958 19982 45248
1407 3569 6036 8932 9285 9439 9525 10776 11764 12677 14673 16650 23804 25054 33235 36715 46381 46507 48828 50780 54892 57629
49117 80854
64981 82729 82730
9808 63949
9416 12863 15903 29949 62719
52565 81465
6333 18153 55249 70871
75207 83983
11466 39994 79064
6600 8061 8574 10908 15955 34299 58520 59732
23503 84214 84534 84946 84947
19988 71051
52330 73243
586 1401 5787 25399 25401 25411 25416 25417 55985 60645 60646 67010 74480 74483
81223 81416
23467 28020 39262 65465 67204 72282 72287 72289 78874 83053
4629 7685 14765 23824 23847 26576 37351 43090 43219 43306
54350 81726
24600 74036
52891 81553
7234 42504 42562 42563 79632 79633 81398
3452 7404 21160 48395 48399 48400 48403
11257 66409
82702 84739
27023 56986 75309
19871 43340 70972
24674 74086
288 9580 14796 14813 14816 14826 14829 14831
5879 25111 25122 32244 32898 33046 38908 40033 53650 53651 53652 53653 74334 74335 77663
42192 42560
276 287 12741 12746 13721 13751
21280 22377 24712 49547 52201 80376
65332 82811
67109 78111 82401
58099 70197
21524 72091
333 2315 9756 10000 21411 27767 39142 42787 42788 42789 42791
72482 83682 83683
45366 80229
27127 75355 84002
82405 84702
3581 21651 23722 39370 48479 52883 62182 68938 72210
52325 81383
70894 83459
4928 13608 14390 15009 20182 26400 27684 27691 27694 27704 27705 27709 27740 27753 27774 27776 27781 27796 27804 67277 68440 68446 68447 73672 75656
7168 10189 37999 39950 45723 50933 64718 64722 71906 76876 78436 81146 81147 81150 81792
1298 6886 12732 32765 56270 67924
75176 83432
40137 79137
13349 29502 47460 52367 52513 53052 65305 66558 68349 76646 76669
50548 81087
25527 74597
40273 45843 46999 47974 64133 80486 80487 80683 84508
25521 74616 74617
1883 33391 38885 38897 38949
3538 9644 14810 17387 34301 48410 49824 53825 54740 61505 63564 63642 69094 71707 72039 78411 80951 80952 80954 80955 80957
11929 30197 41571 53255 67261 83055 83057
83830 84868
20606 71471
2824 14338 36853 37191 38889 38895 38934 40244 40268 40300 43456 44995 45468 52812 57715 66792 68738 68740 69549 72197 79075 79196 80171 84254
26966 75268 75271
10249 11921 25521 25599 52840 57401 64848 67147 67184
12266 24164 66745 67530 67549 74502 78464
2353 3406 20491 43150
76758 83393 84118 84119 84825
1905 4096 4345 5485 23577 23628 39510 39646 39659 39671 39678 49892 55261 73291
44507 80046 84395
267 8589 9057 12715 12718 12721 12727 22800 28738 29519 30929 32275 32825 38849 40557 40566 50585 50776 53946 57343 60169 61695 62736 67881 76283
83397 84826 84827
49126 80858
3012 3568 7596 9702 17391 45873 45966 45969 46010
3514 49415 80907 80912
78671 84350
24649 82022
6001 8430 8951 13017 15721 16463 31073 31862 31894 45849 46526 54590 57946 59252 75264 77328
1702 21895 37387 37388 37392
45443 80248
27345 39100 72127
23312 73116 83740
7867 8812 8838 8946 9604 9702 9744 13101 13138 13160 14509 55479 55487
7963 28725 30600 40287 49779 53810 58195 61817 63331 76263
65693 82879
26234 26452 72315 75053
83620 84849
46889 80466
8768 9059 59158 60720 60738
8687 29472 30871 58483 70133 76624
74073 74930 83961 84878
20346 20416 20970 71259 71286
10719 65250 82770
9034 61797
49994 49995 49998 50551 81084
10244 15559 20881 52655 52657 65348 70869 76704 76711 81307 81310 81475 81476
13368 68406 71596
8717 9027 12685 16415 16510 24672 25034 47036 53592 53921 66636 70300 70308 70313 70317
142 1169 1232 4704 6654 8594 8599 9094 9706 12355 12913 13656 15496 20292 25411 29415 29432 29585 42981 49137 49217 53065 56914 61834
4636 10740 22637 28205 31810 31814 32860 32899 39002 43278 44780 47423 47445 72766 75064 75969 77627 78795 78799 82912
11993 15372 27580 32042 38627 47674 48296 49326 58603 62736 67308
10573 78166 83235 84235 84796 84986 84987 84988 84989 84991
23589 73294
46234 73590 83817 83818
232 1060 3258 15428 15618 24266 25118 46268 46798 46799 46805
8003 29162 58364 58366
2291 42713 51620 79661 79662 79664 79666 79667 79668
8975 15760 32065 50774 60625 61783 74159
73428 83792
29332 60992 76596
638 23664 25323 25332
4841 22796 25460 25463 34853 43258 43262 43265 43266 51100 51114 51116 51138 59778 66980 72081 72083 72086 76875 78267
73266 83756
49034 76123 80822
5007 6898 8116 21329 22204 22205 34410 41379 42480 42483 42492 42516 42540 43503 51322 51961 51980 52004 71999 72485 79620 83611
3179 46632 46633 80429
1379 6002 9465 22599 24990 45395 74277 74278
83470 84831
82408 84704
24029 68706 73599 73600 73601
8749 12677 12681 23795 27483 54223 60426 60431 73426
15923 69945
27507 28205 33005 43124 52354 66225 66739 75934 77694 81410 81413 84167 84584 84901
288 1642 6033 9265 9274 9364 9580 14829 14831 14835 14837 15744 23321 30665 37048 46363 62415 62552
45721 68667 80297
77083 84147
231 371 4968 6802 6953 7383 8209 11798 12172 12512 14021 15372 17566 17687 17735 18114 58356
25693 74686
75812 84048 84049
2928 4989 15965 39370 39371 45313 48479 72210 77106
52325 81383
1388 22278 33219 57538
33435 58067 58084 58110 77870
27604 75589 75592
14100 68652 73237
2256 28161 28237 38506 38510 38513 38518 39981 42149 42207 42691 42696 43138 43285 43286 57392 76023 78638 78643 78644 79049 79656
2747 11092 28199 28205 29093 47384 65243 66185 70161 72921 75877 75971 75991 75993 76513 77260 83344
44862 62924 70617 72958 80121
83965 84641 84879
1805 2021 2032 2156 8164 11919 20771 26666 40505 40511 40513 41136 42044 51545 70742 71609 72585 79259 80005 82701
3579 8464 9643 9833 20632 22800 29141 31385 46325 64070 76541 76542 76549 77290
63643 71079 82607
25176 48204 66371 74401
33435 58067 58084 58110 77870
26194 26205 26473 36018 73616 78146 78152
12677 67781 67802 72412
38560 47838 52279
4809 8553 9453 16567 24160 27611 31160 49785 50936 57886 75566 75570
41323 61385 76305
1214 12214 12235 12298 12312 67432 67435 67439 67446
30364 53738 55413 76955 76956 76957
40668 79312
15870 70018
260 12780 12790 12798
65676 82861
64969 82725
37412 45594 78407
5359 25211 38853 52727
5718 9604 9702 13138 13744 37012 53386 60399 66944
20057 21293 23620 23947 38895 40228 40253 42455 53199 65686 66787 73299 82684
8674 13663 21102 22645 25413 53204 55335 57323 60338 60352
10805 65440 65444
1581 36143
10075 15358 17410 69231
64174 78616 78617
45929 49114 59554 59556 80346
7980 37991 41281 58331
8544 10197 11515 22820 27047 53415 55450 59844 59846
32201 77471
14829 30331 45470 45474 63576 65106
28815 31668 44986 70860 71454 80170
29391 76649
6734 11975 15751 26925 33385 41730 50216 50223 50228 53560 55995 55996 55998 55999 69670 69672 69680 69706 69714 69746 69751 69773 75259 81876
11131 66288 66289 82918
125 333 2820 7474 9756 15285 45206
12078 23710 73408
7595 45911 57487 73401 76250 80325 80327 80329 80331 82080
251 6558 10958 15619 23185 24930 30495 55685 55692 55696 55731 55735 55742 55743 55746 58735
34836 42385 73898 79582 79583
5427 14438 32379 32808 40563 48628 56224 56225 68808 77539 79272
84763 84983
49867 80979
74028 83863
51174 72144
16029 56372 81972
43283 79779
81223 81416
50102 66949 71349
2167 6880 6949 17978 20468 22332 41660 41680 41683 41685 41690 41692 41693 41695 41708 41710 41711 41719 41725 41739 59861 70702 70703
76642 80041
32103 41778 54064 56486 63665 74219 81711
77067 84145
44012 79912 79918 79926 79928
17278 28068 70606 71171 75984 85002
32086 73572
61184 61188
74913 83959
83535 84840
41323 54772 76305
3485 47816 47869 47873 80655
32276 43037 50950 57408 72339 72586 77495 77497 84200 85127
50804 71192 83518 83520 84835
482 25782 27315 49853 74741 74743 74746
20951 71733
47074 58908 58909 82291 82293 82295
17427 70676 70678 70679
52028 70518
68139 78228
10496 65040
7471 16740 26137 28655 28664 28665 28921 28994 29339 51707 81230
84630 84974
10319 24423 25684 29609 31989 52217 63335 63368 73943 73946
59058 82309
278 14976 14977
10852 11775 14103 51034 65519 68279 68622 82469
73068 83730
2731 28208 40421 41164 42168 43325 44680 44684 44695 44712 44740 65752 71919 75168 75215 82243 83172
83067 84779
23676 23682 73395
40517 41093 50388 73888 79240
305 12721 14836 16657 20595 22260 22800 53902 54810 69078 72337
1407 3512 8399 9525 12933 59196
6456 23353 55539 55540 55542 55546 55551
84266 84907 84908
68781 82992
6121 8521 8605 8732 13031 13120 26664 43657 48755 60674
21987 72425 72427 72429
14820 60340 69043 69045 69046 69049
2080 4629 14765 23847 25716 32180 38186 39181 43306 44096 44629 73486
1152 28636 28645 28730 28927 29339 31721 65190 72311
8105 58692
22962 54093 72968
9710 22351 30139 51171 72602
71359 85175
42436 52636
2631 2691 42181 42567 42923 43112 43312 44105 44547 44605 44610 44789 44883 45164 79785
70072 83327
38155 78487 78488
62753 71661 81518 82565 82576
10901 44654 78127
69246 83258
26124 27986 74846 75830 82679 83957
78223 84243
3557 8441 8768 8901 9312 9471 9648 11727 13017 20753 23015 23302 28494 28837 36601 42814 46529 59524
83122 84784
50534 81078
6966 36461 37167 56418 63959 75634 76304 78210
27478 34853 43259 43262 43266 69217 72081 72083 72086 76875
36624 43868 78239
36773 36806 78265 78266
74709 83940
83762 84864
82269 84462 84679 84681
44620 80086
469 3714 21467 21922 24023 34718 49554 49560 49565 49574 49578 49579 49582 49585 49586 49588 49596 49598 49602 49603 49605 49608
3012 7595 7596 7957 20602 27227 43993 44880 57444 57446 57451 57481 57488 71310 76309 80122
39524 66746
7931 8075 11227 57986
53613 81660
39668 78659 78967
108 169 177 2184 4854 7753 9847 9862 9864 9866 9867 9872 9882 9889 11777 11860 11870 12639
53701 81683 81684 84618
47470 80594 80595
49973 81010
2851 3541 13080 13122 13202 31285 31845 32623 33507 39728 39729 44993 68244
82802 84752
36233 36667 42272 51940 61696 61699 68592
47342 59398 76706
65250 82770
45003 80183
67781 72412 83121
5520 53037
79186 84381
78706 78713
9508 13160 13670 68065
296 12758 12759 12762 12768 13274 13489 14638 67837 67838 83124
78051 79686
6916 25499
57652 82102
45832 77367
62325 82540
84479 84940
4217 9188 50060
66959 83015
7791 8844 20506 22399 22800 46193 46307 46330 49104 53935 54858 58717 65311 72652 72655 72658
8372 59140 59146 59147 59148 59149 59151 59156 65596 82261 82334
85346 85368 85369 85406
8374 59127 79930
67961 70043
55682 81834
28433 76125 84077
85034 85043 85044
4937 6002 6250 8542 8784 9602 13147 16557 25260 25261 31060 49150 51777 60547 74444
54857 72378
28490 30532 31246 31247 31255 40794 52858 52859 73861 76208 77163 77176
2833 26414 45558
10506 65004
107 7248 8151 19926 24341 55509 71008 71011
20433 71293
67317 82509
38689 54991
6921 13003 32066 32290 33157 56317 81969
54999 80270
21336 65315 71994 71996 71997
3645 40377 41388 42331 43949 49330 75171 75172 75173 75174 79474
20619 21462 45432 70205 70208 70212 70217 71483
78413 78414 83845 84268 84270 84271 84275 84278 84280 84282 84285 84287 84288 84289 84290 84291 84292 84295 84298 84299
34315 65653
25029 53072 74287
10870 11148 17014 21060 35953 46866
20790 20821 21688 21720 49211 71614
31201 72109
72334 83652 83655 83656
53761 81686
36128 36219 44858 47807 56187 68780 71368 77405 77406 77407 77408 77411 77412 78110 78171 78195 81911 83545 84240
3591 8553 12855 16567 38435 48691 80769 80771
3287 9268 9281 9702 13138 13744 25069 37055 53386 54084 55392 56586 62352 68558
81491 84588
25172 25174 25184
83999 84000 84884
50007 81035
260 284 12780 12781 12790 12797 12798 12806 12811 49900 65698 67963 67974 68016
26440 27289 29902 29913 30270 30595 31089 36816 43318 54001 56356 59976 75016 75021 75030 76784 77114
7892 8697 10042 12996 23188 28821 48071 53403 60360
17466 65568 70712 70719
49995 70627
75871 79611
27636 75596
43736 60850 60854 79844
11768 49787 67006 67007
66220 82921